49  
98  
76  
63  
93  
74  
89  
59  
79  
99  
65  
75  
51  
60 
91  
81  
94  
52  
57  
88  
95  
53  
70  
87  
100  
55  
82  
83  
85  
50  
86  
101
66  
92  
96  
68  
72  
97  
61 
56  
58  
62  
101  
77  
54  
102  
71  
84 
80  
69  
73  
78  
67  
64
51  
77  
76  
79  
97  
62  
96  
78  
58  
86  
81  
54  
68  
59  
89  
55  
80  
99  
72  
93  
66  
82  
71  
91  
50  
92 
88  
90  
85  
70  
101  
69  
95  
60  
52  
65  
100  
87  
56  
64  
73  
83  
84  
61  
94  
57  
63  
53  
49  
75 
67  
74  
102  
98
-1